# IBL IS TURB X S THETA DSTAR HK UE CF RT AMPL
   2 1 F  0.203948E-06  0.300000E-01  0.534190E+00  0.119098E+01  0.222951E+01  0.606199E-13  0.221563E+08  0.323825E-07  0.000000E+00
   3 1 F  0.348976E-02  0.300000E-01  0.804360E-04  0.164560E-03  0.204585E+01  0.285406E+00  0.397991E-01  0.229569E+02  0.269246E-13
   4 1 F  0.708870E-02  0.300000E-01  0.337830E-04  0.718389E-04  0.212648E+01  0.534249E+00  0.455851E-01  0.180485E+02  0.129917E-09
   5 1 F  0.109487E-01  0.300000E-01  0.412398E-04  0.999739E-04  0.242421E+01  0.727067E+00  0.182696E-01  0.299841E+02  0.342013E-09
   6 1 F  0.151912E-01  0.300000E-01  0.468183E-04  0.103255E-03  0.220543E+01  0.866029E+00  0.182765E-01  0.405460E+02  0.540620E-09
   7 1 F  0.199059E-01  0.300000E-01  0.560020E-04  0.135515E-03  0.241982E+01  0.962815E+00  0.102233E-01  0.539196E+02  0.729644E-09
   8 1 F  0.251553E-01  0.300000E-01  0.642162E-04  0.149171E-03  0.232296E+01  0.102993E+01  0.954942E-02  0.661384E+02  0.909647E-09
   9 1 F  0.309816E-01  0.300000E-01  0.744705E-04  0.180149E-03  0.241906E+01  0.107668E+01  0.688236E-02  0.801811E+02  0.108283E-08
  10 1 F  0.374122E-01  0.300000E-01  0.844824E-04  0.203547E-03  0.240934E+01  0.110969E+01  0.596836E-02  0.937495E+02  0.124960E-08
  11 1 F  0.444643E-01  0.300000E-01  0.952711E-04  0.232662E-03  0.244210E+01  0.113332E+01  0.494494E-02  0.107973E+03  0.141132E-08
  12 1 F  0.521471E-01  0.300000E-01  0.106236E-03  0.261049E-03  0.245725E+01  0.115039E+01  0.427437E-02  0.122213E+03  0.156849E-08
  13 1 F  0.604645E-01  0.300000E-01  0.117471E-03  0.290633E-03  0.247408E+01  0.116284E+01  0.373194E-02  0.136601E+03  0.172176E-08
  14 1 F  0.694158E-01  0.300000E-01  0.128903E-03  0.320849E-03  0.248908E+01  0.117190E+01  0.330167E-02  0.151061E+03  0.187153E-08
  15 1 F  0.789972E-01  0.300000E-01  0.140479E-03  0.351528E-03  0.250235E+01  0.117847E+01  0.295459E-02  0.165551E+03  0.201816E-08
  16 1 F  0.892019E-01  0.300000E-01  0.152201E-03  0.382802E-03  0.251511E+01  0.118312E+01  0.266573E-02  0.180073E+03  0.216189E-08
  17 1 F  0.100021E+00  0.300000E-01  0.164060E-03  0.414654E-03  0.252745E+01  0.118625E+01  0.242184E-02  0.194616E+03  0.230291E-08
  18 1 F  0.111443E+00  0.300000E-01  0.176017E-03  0.446870E-03  0.253879E+01  0.118821E+01  0.221588E-02  0.209145E+03  0.244136E-08
  19 1 F  0.123456E+00  0.300000E-01  0.188099E-03  0.479718E-03  0.255036E+01  0.118918E+01  0.203635E-02  0.223684E+03  0.257737E-08
  20 1 F  0.136046E+00  0.300000E-01  0.200304E-03  0.513190E-03  0.256206E+01  0.118933E+01  0.187872E-02  0.238227E+03  0.271099E-08
  21 1 F  0.149196E+00  0.300000E-01  0.212624E-03  0.547244E-03  0.257377E+01  0.118878E+01  0.173966E-02  0.252763E+03  0.284227E-08
  22 1 F  0.162891E+00  0.300000E-01  0.225059E-03  0.581928E-03  0.258567E+01  0.118765E+01  0.161569E-02  0.267291E+03  0.119698E-01
  23 1 F  0.177112E+00  0.300000E-01  0.237640E-03  0.617486E-03  0.259841E+01  0.118597E+01  0.150283E-02  0.281834E+03  0.860593E-01
  24 1 F  0.191840E+00  0.300000E-01  0.250355E-03  0.653839E-03  0.261165E+01  0.118383E+01  0.140038E-02  0.296377E+03  0.214451E+00
  25 1 F  0.207056E+00  0.300000E-01  0.263199E-03  0.690983E-03  0.262533E+01  0.118128E+01  0.130705E-02  0.310913E+03  0.367104E+00
  26 1 F  0.222738E+00  0.300000E-01  0.276187E-03  0.729084E-03  0.263982E+01  0.117837E+01  0.122090E-02  0.325452E+03  0.527093E+00
  27 1 F  0.238863E+00  0.300000E-01  0.289325E-03  0.768227E-03  0.265523E+01  0.117513E+01  0.114086E-02  0.339995E+03  0.695182E+00
  28 1 F  0.255410E+00  0.300000E-01  0.302616E-03  0.808480E-03  0.267164E+01  0.117159E+01  0.106617E-02  0.354541E+03  0.872203E+00
  29 1 F  0.272355E+00  0.300000E-01  0.316046E-03  0.849794E-03  0.268883E+01  0.116779E+01  0.996625E-03  0.369076E+03  0.105893E+01
  30 1 F  0.289673E+00  0.300000E-01  0.329631E-03  0.892399E-03  0.270727E+01  0.116376E+01  0.930986E-03  0.383612E+03  0.125624E+01
  31 1 F  0.307339E+00  0.300000E-01  0.343341E-03  0.936105E-03  0.272646E+01  0.115955E+01  0.869686E-03  0.398119E+03  0.146493E+01
  32 1 F  0.325327E+00  0.300000E-01  0.357224E-03  0.981490E-03  0.274755E+01  0.115513E+01  0.810697E-03  0.412640E+03  0.168610E+01
  33 1 F  0.343611E+00  0.300000E-01  0.371219E-03  0.102807E-02  0.276943E+01  0.115058E+01  0.755436E-03  0.427117E+03  0.192076E+01
  34 1 F  0.362163E+00  0.300000E-01  0.385345E-03  0.107621E-02  0.279283E+01  0.114590E+01  0.702700E-03  0.441568E+03  0.216974E+01
  35 1 F  0.380956E+00  0.300000E-01  0.399607E-03  0.112613E-02  0.281810E+01  0.114111E+01  0.651969E-03  0.455996E+03  0.243425E+01
  36 1 F  0.399962E+00  0.300000E-01  0.413984E-03  0.117784E-02  0.284514E+01  0.113624E+01  0.603318E-03  0.470384E+03  0.271550E+01
  37 1 F  0.419151E+00  0.300000E-01  0.428457E-03  0.123135E-02  0.287392E+01  0.113130E+01  0.556749E-03  0.484713E+03  0.301452E+01
  38 1 F  0.438496E+00  0.300000E-01  0.443049E-03  0.128727E-02  0.290549E+01  0.112630E+01  0.511226E-03  0.499008E+03  0.333266E+01
  39 1 F  0.457965E+00  0.300000E-01  0.457713E-03  0.134535E-02  0.293930E+01  0.112128E+01  0.467397E-03  0.513226E+03  0.367125E+01
  40 1 F  0.477531E+00  0.300000E-01  0.472476E-03  0.140643E-02  0.297673E+01  0.111624E+01  0.424157E-03  0.527394E+03  0.403178E+01
  41 1 F  0.497162E+00  0.300000E-01  0.487320E-03  0.147084E-02  0.301822E+01  0.111118E+01  0.381458E-03  0.541499E+03  0.441620E+01
  42 1 F  0.516829E+00  0.300000E-01  0.502247E-03  0.153940E-02  0.306502E+01  0.110611E+01  0.338767E-03  0.555542E+03  0.482673E+01
  43 1 F  0.536502E+00  0.300000E-01  0.517239E-03  0.161292E-02  0.311833E+01  0.110107E+01  0.295836E-03  0.569514E+03  0.526605E+01
  44 1 F  0.556149E+00  0.300000E-01  0.532344E-03  0.169406E-02  0.318227E+01  0.109602E+01  0.250966E-03  0.583457E+03  0.573817E+01
  45 1 F  0.575742E+00  0.300000E-01  0.547521E-03  0.178495E-02  0.326006E+01  0.109099E+01  0.203889E-03  0.597340E+03  0.624859E+01
  46 1 F  0.595249E+00  0.300000E-01  0.562827E-03  0.189299E-02  0.336335E+01  0.108598E+01  0.151373E-03  0.611218E+03  0.680609E+01
  47 1 F  0.614640E+00  0.300000E-01  0.578286E-03  0.203605E-02  0.352084E+01  0.108098E+01  0.874523E-04  0.625118E+03  0.742844E+01
  48 1 F  0.633886E+00  0.300000E-01  0.593323E-03  0.268139E-02  0.451927E+01  0.107633E+01 -0.901564E-04  0.638611E+03  0.829921E+01
  49 1 F  0.652956E+00  0.579087E-01  0.638719E-03  0.231498E-02  0.362441E+01  0.106324E+01  0.496649E-04  0.679108E+03  0.919515E+01
  50 1 T  0.671822E+00  0.682610E-01  0.815756E-03  0.203939E-02  0.250000E+01  0.101385E+01  0.710130E-03  0.827055E+03  0.919515E+01
  51 1 T  0.690453E+00  0.579961E-01  0.693307E-03  0.112824E-02  0.162734E+01  0.106111E+01  0.323726E-02  0.735672E+03  0.919515E+01
  52 1 T  0.708821E+00  0.522519E-01  0.738312E-03  0.110094E-02  0.149116E+01  0.105612E+01  0.398026E-02  0.779749E+03  0.919515E+01
  53 1 T  0.726897E+00  0.485172E-01  0.788053E-03  0.113298E-02  0.143770E+01  0.105114E+01  0.426477E-02  0.828352E+03  0.919515E+01
  54 1 T  0.744653E+00  0.460329E-01  0.839657E-03  0.118897E-02  0.141602E+01  0.104609E+01  0.433850E-02  0.878356E+03  0.919515E+01
  55 1 T  0.762062E+00  0.443147E-01  0.891680E-03  0.125556E-02  0.140809E+01  0.104102E+01  0.431916E-02  0.928257E+03  0.919515E+01
  56 1 T  0.779097E+00  0.430920E-01  0.943664E-03  0.132746E-02  0.140671E+01  0.103589E+01  0.425863E-02  0.977529E+03  0.919515E+01
  57 1 T  0.795731E+00  0.422065E-01  0.995459E-03  0.140222E-02  0.140862E+01  0.103066E+01  0.418082E-02  0.102598E+04  0.919515E+01
  58 1 T  0.811938E+00  0.415593E-01  0.104698E-02  0.147854E-02  0.141219E+01  0.102536E+01  0.409734E-02  0.107352E+04  0.919515E+01
  59 1 T  0.827693E+00  0.410869E-01  0.109828E-02  0.155586E-02  0.141663E+01  0.101995E+01  0.401346E-02  0.112019E+04  0.919515E+01
  60 1 T  0.842971E+00  0.407474E-01  0.114959E-02  0.163422E-02  0.142157E+01  0.101440E+01  0.393107E-02  0.116614E+04  0.919515E+01
  61 1 T  0.857749E+00  0.405105E-01  0.120098E-02  0.171355E-02  0.142679E+01  0.100871E+01  0.385123E-02  0.121144E+04  0.919515E+01
  62 1 T  0.872004E+00  0.403554E-01  0.125267E-02  0.179412E-02  0.143224E+01  0.100285E+01  0.377383E-02  0.125624E+04  0.919515E+01
  63 1 T  0.885713E+00  0.402679E-01  0.130490E-02  0.187637E-02  0.143794E+01  0.996787E+00  0.369826E-02  0.130071E+04  0.919515E+01
  64 1 T  0.898855E+00  0.402376E-01  0.135794E-02  0.196080E-02  0.144395E+01  0.990501E+00  0.362381E-02  0.134504E+04  0.919515E+01
  65 1 T  0.911409E+00  0.402562E-01  0.141193E-02  0.204775E-02  0.145033E+01  0.983992E+00  0.355001E-02  0.138933E+04  0.919515E+01
  66 1 T  0.923356E+00  0.403215E-01  0.146751E-02  0.213861E-02  0.145731E+01  0.977168E+00  0.347502E-02  0.143400E+04  0.919515E+01
  67 1 T  0.934676E+00  0.404291E-01  0.152485E-02  0.223386E-02  0.146497E+01  0.970044E+00  0.339843E-02  0.147917E+04  0.919515E+01
  68 1 T  0.945353E+00  0.405780E-01  0.158445E-02  0.233472E-02  0.147352E+01  0.962577E+00  0.331900E-02  0.152516E+04  0.919515E+01
  69 1 T  0.955368E+00  0.407704E-01  0.164717E-02  0.244324E-02  0.148330E+01  0.954679E+00  0.323475E-02  0.157251E+04  0.919515E+01
  70 1 T  0.964707E+00  0.410076E-01  0.171364E-02  0.256122E-02  0.149461E+01  0.946315E+00  0.314438E-02  0.162165E+04  0.919515E+01
  71 1 T  0.973355E+00  0.412937E-01  0.178498E-02  0.269157E-02  0.150790E+01  0.937402E+00  0.304573E-02  0.167324E+04  0.919515E+01
  72 1 T  0.981297E+00  0.416334E-01  0.186239E-02  0.283782E-02  0.152375E+01  0.927869E+00  0.293667E-02  0.172805E+04  0.919515E+01
  73 1 T  0.988522E+00  0.420361E-01  0.194797E-02  0.300589E-02  0.154309E+01  0.917561E+00  0.281347E-02  0.178738E+04  0.919515E+01
  74 1 T  0.995018E+00  0.425129E-01  0.204434E-02  0.320386E-02  0.156718E+01  0.906319E+00  0.267192E-02  0.185283E+04  0.919515E+01
  75 1 T  0.100077E+01  0.430817E-01  0.215574E-02  0.344525E-02  0.159817E+01  0.893881E+00  0.250538E-02  0.192697E+04  0.919515E+01
  76 1 T  0.100578E+01  0.437623E-01  0.228761E-02  0.374983E-02  0.163919E+01  0.879994E+00  0.230617E-02  0.201308E+04  0.919515E+01
  77 1 T  0.101003E+01  0.445975E-01  0.245129E-02  0.416007E-02  0.169709E+01  0.864032E+00  0.205788E-02  0.211799E+04  0.919515E+01
  78 1 T  0.101352E+01  0.456465E-01  0.266522E-02  0.475926E-02  0.178569E+01  0.845215E+00  0.173617E-02  0.225268E+04  0.919515E+01
  79 1 T  0.101624E+01  0.470326E-01  0.297155E-02  0.578323E-02  0.194620E+01  0.821915E+00  0.128571E-02  0.244236E+04  0.919515E+01
  80 1 T  0.101818E+01  0.490262E-01  0.348997E-02  0.851603E-02  0.244015E+01  0.791041E+00  0.516469E-03  0.276071E+04  0.919515E+01
  81 1 T  0.101935E+01  0.492974E-01  0.353417E-02  0.883542E-02  0.250000E+01  0.788830E+00  0.460512E-03  0.278786E+04  0.919515E+01
  82 1 T  0.101974E+01  0.493524E-01  0.353731E-02  0.884327E-02  0.250000E+01  0.788680E+00  0.460405E-03  0.278981E+04  0.919515E+01
   2 2 F  0.348976E-02  0.300000E-01  0.322040E-04  0.717991E-04  0.222951E+01  0.285406E+00  0.780611E-01  0.919122E+01  0.000000E+00
   3 2 F  0.708870E-02  0.300000E-01  0.356224E-04  0.805273E-04  0.226058E+01  0.534249E+00  0.361486E-01  0.190313E+02  0.218734E-09
   4 2 F  0.109487E-01  0.300000E-01  0.406674E-04  0.924232E-04  0.227266E+01  0.727067E+00  0.228874E-01  0.295679E+02  0.427307E-09
   5 2 F  0.151912E-01  0.300000E-01  0.474904E-04  0.110010E-03  0.231647E+01  0.866029E+00  0.154947E-01  0.411281E+02  0.625690E-09
   6 2 F  0.199059E-01  0.300000E-01  0.554951E-04  0.129673E-03  0.233665E+01  0.962815E+00  0.115982E-01  0.534315E+02  0.814411E-09
   7 2 F  0.251553E-01  0.300000E-01  0.645449E-04  0.153082E-03  0.237171E+01  0.102993E+01  0.887664E-02  0.664769E+02  0.994681E-09
   8 2 F  0.309816E-01  0.300000E-01  0.742632E-04  0.177812E-03  0.239434E+01  0.107668E+01  0.714828E-02  0.799579E+02  0.116771E-08
   9 2 F  0.374122E-01  0.300000E-01  0.845557E-04  0.204554E-03  0.241916E+01  0.110969E+01  0.588033E-02  0.938309E+02  0.133462E-08
  10 2 F  0.444643E-01  0.300000E-01  0.952324E-04  0.232287E-03  0.243916E+01  0.113332E+01  0.496791E-02  0.107929E+03  0.149632E-08
  11 2 F  0.521471E-01  0.300000E-01  0.106235E-03  0.261115E-03  0.245791E+01  0.115039E+01  0.427033E-02  0.122211E+03  0.165352E-08
  12 2 F  0.604645E-01  0.300000E-01  0.117463E-03  0.290603E-03  0.247400E+01  0.116284E+01  0.373263E-02  0.136591E+03  0.180679E-08
  13 2 F  0.694158E-01  0.300000E-01  0.128896E-03  0.320835E-03  0.248909E+01  0.117190E+01  0.330176E-02  0.151053E+03  0.195657E-08
  14 2 F  0.789972E-01  0.300000E-01  0.140473E-03  0.351515E-03  0.250236E+01  0.117847E+01  0.295469E-02  0.165544E+03  0.210320E-08
  15 2 F  0.892019E-01  0.300000E-01  0.152196E-03  0.382789E-03  0.251511E+01  0.118312E+01  0.266580E-02  0.180066E+03  0.224694E-08
  16 2 F  0.100021E+00  0.300000E-01  0.164055E-03  0.414642E-03  0.252745E+01  0.118625E+01  0.242190E-02  0.194610E+03  0.238796E-08
  17 2 F  0.111443E+00  0.300000E-01  0.176012E-03  0.446859E-03  0.253880E+01  0.118821E+01  0.221593E-02  0.209139E+03  0.252642E-08
  18 2 F  0.123456E+00  0.300000E-01  0.188094E-03  0.479708E-03  0.255036E+01  0.118918E+01  0.203639E-02  0.223679E+03  0.266243E-08
  19 2 F  0.136046E+00  0.300000E-01  0.200300E-03  0.513180E-03  0.256206E+01  0.118933E+01  0.187876E-02  0.238222E+03  0.279605E-08
  20 2 F  0.149196E+00  0.300000E-01  0.212620E-03  0.547234E-03  0.257377E+01  0.118878E+01  0.173969E-02  0.252758E+03  0.292734E-08
  21 2 F  0.162891E+00  0.300000E-01  0.225056E-03  0.581919E-03  0.258567E+01  0.118765E+01  0.161571E-02  0.267287E+03  0.119652E-01
  22 2 F  0.177112E+00  0.300000E-01  0.237636E-03  0.617477E-03  0.259841E+01  0.118597E+01  0.150285E-02  0.281830E+03  0.860479E-01
  23 2 F  0.191840E+00  0.300000E-01  0.250351E-03  0.653830E-03  0.261165E+01  0.118383E+01  0.140040E-02  0.296373E+03  0.214437E+00
  24 2 F  0.207056E+00  0.300000E-01  0.263196E-03  0.690975E-03  0.262533E+01  0.118128E+01  0.130707E-02  0.310909E+03  0.367091E+00
  25 2 F  0.222738E+00  0.300000E-01  0.276184E-03  0.729075E-03  0.263982E+01  0.117837E+01  0.122092E-02  0.325448E+03  0.527081E+00
  26 2 F  0.238863E+00  0.300000E-01  0.289322E-03  0.768218E-03  0.265523E+01  0.117513E+01  0.114088E-02  0.339991E+03  0.695170E+00
  27 2 F  0.255410E+00  0.300000E-01  0.302613E-03  0.808472E-03  0.267164E+01  0.117159E+01  0.106618E-02  0.354538E+03  0.872192E+00
  28 2 F  0.272355E+00  0.300000E-01  0.316043E-03  0.849785E-03  0.268883E+01  0.116779E+01  0.996638E-03  0.369073E+03  0.105892E+01
  29 2 F  0.289673E+00  0.300000E-01  0.329628E-03  0.892391E-03  0.270727E+01  0.116376E+01  0.930998E-03  0.383609E+03  0.125623E+01
  30 2 F  0.307339E+00  0.300000E-01  0.343338E-03  0.936096E-03  0.272645E+01  0.115955E+01  0.869697E-03  0.398116E+03  0.146492E+01
  31 2 F  0.325327E+00  0.300000E-01  0.357221E-03  0.981481E-03  0.274754E+01  0.115513E+01  0.810707E-03  0.412637E+03  0.168608E+01
  32 2 F  0.343611E+00  0.300000E-01  0.371216E-03  0.102806E-02  0.276943E+01  0.115058E+01  0.755445E-03  0.427114E+03  0.192074E+01
  33 2 F  0.362163E+00  0.300000E-01  0.385343E-03  0.107620E-02  0.279283E+01  0.114590E+01  0.702709E-03  0.441565E+03  0.216973E+01
  34 2 F  0.380956E+00  0.300000E-01  0.399604E-03  0.112612E-02  0.281810E+01  0.114111E+01  0.651978E-03  0.455993E+03  0.243423E+01
  35 2 F  0.399962E+00  0.300000E-01  0.413982E-03  0.117783E-02  0.284514E+01  0.113624E+01  0.603327E-03  0.470381E+03  0.271548E+01
  36 2 F  0.419151E+00  0.300000E-01  0.428454E-03  0.123134E-02  0.287392E+01  0.113130E+01  0.556758E-03  0.484710E+03  0.301450E+01
  37 2 F  0.438496E+00  0.300000E-01  0.443046E-03  0.128726E-02  0.290548E+01  0.112630E+01  0.511234E-03  0.499005E+03  0.333263E+01
  38 2 F  0.457965E+00  0.300000E-01  0.457710E-03  0.134534E-02  0.293929E+01  0.112128E+01  0.467405E-03  0.513223E+03  0.367122E+01
  39 2 F  0.477531E+00  0.300000E-01  0.472473E-03  0.140642E-02  0.297672E+01  0.111624E+01  0.424164E-03  0.527391E+03  0.403175E+01
  40 2 F  0.497162E+00  0.300000E-01  0.487318E-03  0.147083E-02  0.301822E+01  0.111118E+01  0.381465E-03  0.541496E+03  0.441616E+01
  41 2 F  0.516829E+00  0.300000E-01  0.502244E-03  0.153939E-02  0.306502E+01  0.110611E+01  0.338774E-03  0.555540E+03  0.482669E+01
  42 2 F  0.536502E+00  0.300000E-01  0.517237E-03  0.161291E-02  0.311832E+01  0.110107E+01  0.295844E-03  0.569511E+03  0.526601E+01
  43 2 F  0.556149E+00  0.300000E-01  0.532341E-03  0.169404E-02  0.318225E+01  0.109602E+01  0.250974E-03  0.583454E+03  0.573812E+01
  44 2 F  0.575742E+00  0.300000E-01  0.547518E-03  0.178493E-02  0.326004E+01  0.109099E+01  0.203898E-03  0.597338E+03  0.624853E+01
  45 2 F  0.595249E+00  0.300000E-01  0.562824E-03  0.189297E-02  0.336333E+01  0.108598E+01  0.151383E-03  0.611215E+03  0.680603E+01
  46 2 F  0.614640E+00  0.300000E-01  0.578283E-03  0.203602E-02  0.352081E+01  0.108098E+01  0.874650E-04  0.625115E+03  0.742835E+01
  47 2 F  0.633886E+00  0.300000E-01  0.593321E-03  0.268136E-02  0.451924E+01  0.107633E+01 -0.901548E-04  0.638608E+03  0.829911E+01
  48 2 F  0.652956E+00  0.579169E-01  0.638723E-03  0.231531E-02  0.362490E+01  0.106323E+01  0.495267E-04  0.679112E+03  0.919511E+01
  49 2 T  0.671822E+00  0.682661E-01  0.815797E-03  0.203949E-02  0.250000E+01  0.101384E+01  0.710118E-03  0.827091E+03  0.919511E+01
  50 2 T  0.690453E+00  0.579980E-01  0.693320E-03  0.112824E-02  0.162730E+01  0.106111E+01  0.323745E-02  0.735685E+03  0.919511E+01
  51 2 T  0.708821E+00  0.522528E-01  0.738327E-03  0.110094E-02  0.149113E+01  0.105612E+01  0.398043E-02  0.779765E+03  0.919511E+01
  52 2 T  0.726897E+00  0.485178E-01  0.788069E-03  0.113299E-02  0.143767E+01  0.105114E+01  0.426492E-02  0.828369E+03  0.919511E+01
  53 2 T  0.744653E+00  0.460333E-01  0.839674E-03  0.118898E-02  0.141600E+01  0.104609E+01  0.433862E-02  0.878375E+03  0.919511E+01
  54 2 T  0.762062E+00  0.443150E-01  0.891699E-03  0.125558E-02  0.140807E+01  0.104102E+01  0.431926E-02  0.928277E+03  0.919511E+01
  55 2 T  0.779097E+00  0.430921E-01  0.943684E-03  0.132747E-02  0.140669E+01  0.103589E+01  0.425871E-02  0.977550E+03  0.919511E+01
  56 2 T  0.795731E+00  0.422066E-01  0.995480E-03  0.140224E-02  0.140861E+01  0.103066E+01  0.418088E-02  0.102600E+04  0.919511E+01
  57 2 T  0.811938E+00  0.415594E-01  0.104700E-02  0.147855E-02  0.141218E+01  0.102536E+01  0.409739E-02  0.107355E+04  0.919511E+01
  58 2 T  0.827693E+00  0.410869E-01  0.109830E-02  0.155588E-02  0.141662E+01  0.101995E+01  0.401350E-02  0.112021E+04  0.919511E+01
  59 2 T  0.842971E+00  0.407474E-01  0.114961E-02  0.163424E-02  0.142156E+01  0.101440E+01  0.393111E-02  0.116617E+04  0.919511E+01
  60 2 T  0.857749E+00  0.405104E-01  0.120101E-02  0.171357E-02  0.142678E+01  0.100871E+01  0.385127E-02  0.121146E+04  0.919511E+01
  61 2 T  0.872004E+00  0.403554E-01  0.125269E-02  0.179414E-02  0.143223E+01  0.100285E+01  0.377386E-02  0.125626E+04  0.919511E+01
  62 2 T  0.885713E+00  0.402678E-01  0.130493E-02  0.187640E-02  0.143793E+01  0.996787E+00  0.369829E-02  0.130074E+04  0.919511E+01
  63 2 T  0.898855E+00  0.402375E-01  0.135797E-02  0.196083E-02  0.144394E+01  0.990501E+00  0.362383E-02  0.134507E+04  0.919511E+01
  64 2 T  0.911409E+00  0.402561E-01  0.141195E-02  0.204778E-02  0.145032E+01  0.983992E+00  0.355003E-02  0.138935E+04  0.919511E+01
  65 2 T  0.923356E+00  0.403214E-01  0.146753E-02  0.213864E-02  0.145730E+01  0.977168E+00  0.347504E-02  0.143403E+04  0.919511E+01
  66 2 T  0.934676E+00  0.404290E-01  0.152488E-02  0.223389E-02  0.146496E+01  0.970044E+00  0.339845E-02  0.147920E+04  0.919511E+01
  67 2 T  0.945353E+00  0.405778E-01  0.158448E-02  0.233476E-02  0.147351E+01  0.962577E+00  0.331902E-02  0.152519E+04  0.919511E+01
  68 2 T  0.955368E+00  0.407703E-01  0.164719E-02  0.244328E-02  0.148330E+01  0.954679E+00  0.323476E-02  0.157254E+04  0.919511E+01
  69 2 T  0.964707E+00  0.410074E-01  0.171367E-02  0.256126E-02  0.149460E+01  0.946315E+00  0.314439E-02  0.162167E+04  0.919511E+01
  70 2 T  0.973355E+00  0.412936E-01  0.178501E-02  0.269161E-02  0.150790E+01  0.937402E+00  0.304575E-02  0.167327E+04  0.919511E+01
  71 2 T  0.981297E+00  0.416333E-01  0.186242E-02  0.283785E-02  0.152374E+01  0.927869E+00  0.293668E-02  0.172808E+04  0.919511E+01
  72 2 T  0.988522E+00  0.420360E-01  0.194800E-02  0.300593E-02  0.154308E+01  0.917561E+00  0.281348E-02  0.178741E+04  0.919511E+01
  73 2 T  0.995018E+00  0.425128E-01  0.204438E-02  0.320390E-02  0.156718E+01  0.906319E+00  0.267193E-02  0.185286E+04  0.919511E+01
  74 2 T  0.100077E+01  0.430816E-01  0.215578E-02  0.344529E-02  0.159817E+01  0.893881E+00  0.250539E-02  0.192701E+04  0.919511E+01
  75 2 T  0.100578E+01  0.437622E-01  0.228765E-02  0.374988E-02  0.163919E+01  0.879994E+00  0.230618E-02  0.201311E+04  0.919511E+01
  76 2 T  0.101003E+01  0.445974E-01  0.245133E-02  0.416012E-02  0.169709E+01  0.864032E+00  0.205789E-02  0.211802E+04  0.919511E+01
  77 2 T  0.101352E+01  0.456464E-01  0.266526E-02  0.475932E-02  0.178568E+01  0.845215E+00  0.173619E-02  0.225272E+04  0.919511E+01
  78 2 T  0.101624E+01  0.470324E-01  0.297160E-02  0.578329E-02  0.194619E+01  0.821915E+00  0.128573E-02  0.244240E+04  0.919511E+01
  79 2 T  0.101818E+01  0.490260E-01  0.349002E-02  0.851602E-02  0.244011E+01  0.791041E+00  0.516505E-03  0.276075E+04  0.919511E+01
  80 2 T  0.101935E+01  0.492973E-01  0.353425E-02  0.883562E-02  0.250000E+01  0.788829E+00  0.460509E-03  0.278792E+04  0.919511E+01
  81 2 T  0.101974E+01  0.493523E-01  0.353739E-02  0.884347E-02  0.250000E+01  0.788679E+00  0.460402E-03  0.278986E+04  0.919511E+01
  82 2 T  0.101974E+01  0.493523E-01  0.707470E-02  0.176867E-01  0.250000E+01  0.654116E+00  0.000000E+00  0.462767E+04  0.919511E+01
  83 2 T  0.102013E+01  0.432886E-01  0.419452E-02  0.617538E-02  0.147225E+01  0.745776E+00  0.000000E+00  0.312818E+04  0.919511E+01
  84 2 T  0.102066E+01  0.417830E-01  0.371731E-02  0.523226E-02  0.140754E+01  0.772426E+00  0.000000E+00  0.287135E+04  0.919511E+01
  85 2 T  0.102139E+01  0.407084E-01  0.340895E-02  0.466289E-02  0.136784E+01  0.792426E+00  0.000000E+00  0.270134E+04  0.919511E+01
  86 2 T  0.102238E+01  0.398206E-01  0.317407E-02  0.424757E-02  0.133821E+01  0.809478E+00  0.000000E+00  0.256934E+04  0.919511E+01
  87 2 T  0.102373E+01  0.390303E-01  0.298059E-02  0.391596E-02  0.131382E+01  0.824930E+00  0.000000E+00  0.245878E+04  0.919511E+01
  88 2 T  0.102557E+01  0.382930E-01  0.281408E-02  0.363719E-02  0.129250E+01  0.839413E+00  0.000000E+00  0.236217E+04  0.919511E+01
  89 2 T  0.102809E+01  0.375808E-01  0.266693E-02  0.339504E-02  0.127302E+01  0.853259E+00  0.000000E+00  0.227558E+04  0.919511E+01
  90 2 T  0.103153E+01  0.368727E-01  0.253477E-02  0.318006E-02  0.125457E+01  0.866650E+00  0.000000E+00  0.219676E+04  0.919511E+01
  91 2 T  0.103622E+01  0.361491E-01  0.241493E-02  0.298625E-02  0.123658E+01  0.879680E+00  0.000000E+00  0.212437E+04  0.919511E+01
  92 2 T  0.104262E+01  0.353886E-01  0.230574E-02  0.280962E-02  0.121854E+01  0.892382E+00  0.000000E+00  0.205760E+04  0.919511E+01
  93 2 T  0.105136E+01  0.345616E-01  0.220611E-02  0.264744E-02  0.120005E+01  0.904748E+00  0.000000E+00  0.199598E+04  0.919511E+01
  94 2 T  0.106329E+01  0.336293E-01  0.211540E-02  0.249787E-02  0.118080E+01  0.916735E+00  0.000000E+00  0.193926E+04  0.919511E+01
  95 2 T  0.107957E+01  0.325446E-01  0.203318E-02  0.235984E-02  0.116066E+01  0.928267E+00  0.000000E+00  0.188734E+04  0.919511E+01
  96 2 T  0.110179E+01  0.312498E-01  0.195926E-02  0.223302E-02  0.113973E+01  0.939246E+00  0.000000E+00  0.184022E+04  0.919511E+01
  97 2 T  0.113212E+01  0.296800E-01  0.189349E-02  0.211772E-02  0.111842E+01  0.949550E+00  0.000000E+00  0.179796E+04  0.919511E+01
  98 2 T  0.117352E+01  0.277736E-01  0.183581E-02  0.201487E-02  0.109754E+01  0.959049E+00  0.000000E+00  0.176063E+04  0.919511E+01
  99 2 T  0.123002E+01  0.254938E-01  0.178612E-02  0.192560E-02  0.107809E+01  0.967609E+00  0.000000E+00  0.172827E+04  0.919511E+01
 100 2 T  0.130713E+01  0.228554E-01  0.174426E-02  0.185078E-02  0.106107E+01  0.975114E+00  0.000000E+00  0.170086E+04  0.919511E+01
 101 2 T  0.141239E+01  0.199477E-01  0.170993E-02  0.179051E-02  0.104713E+01  0.981482E+00  0.000000E+00  0.167826E+04  0.919511E+01
 102 2 T  0.155605E+01  0.169280E-01  0.168264E-02  0.174386E-02  0.103638E+01  0.986687E+00  0.000000E+00  0.166024E+04  0.919511E+01
 103 2 T  0.175212E+01  0.139869E-01  0.166172E-02  0.170909E-02  0.102851E+01  0.990767E+00  0.000000E+00  0.164637E+04  0.919511E+01
 104 2 T  0.201974E+01  0.112955E-01  0.164630E-02  0.168404E-02  0.102292E+01  0.993824E+00  0.000000E+00  0.163613E+04  0.919511E+01
